; ENVI Image to Image GCP File
; base file: assets\1_1.tif
; warp file: assets\1_2.tif
; Base Image (x,y), Warp Image (x,y)
259.95    4.48     258.78    4.48
388.86    4.48     386.51    8.00
430.46    4.48     432.80    4.48
518.35    5.07     522.45    5.07
444.52    6.24     445.69    7.41
71.86    6.82     71.28    6.24
81.82    6.82     80.65    7.41
84.75    6.82     83.58    7.41
55.46    7.41     54.87    6.24
358.97    7.41     357.80    7.41
39.64    8.00     38.46    6.82
337.29    8.00     336.71    7.41
377.72    8.00     375.96    7.41
328.50    8.58     326.16    6.82
198.43    11.51     201.36    11.51
104.09    13.86     105.85    12.10
580.46    14.44     579.87    15.61
14.44    15.61     12.68    12.68
256.43    15.61     258.19    15.61
86.51    16.79     83.58    17.96
545.30    16.79     544.71    17.37
27.33    17.37     26.75    17.37
55.46    17.37     56.04    15.61
394.13    17.96     394.13    18.54
517.76    19.13     518.93    18.54
126.36    19.71     128.70    19.71
57.21    20.30     57.21    18.54
459.75    20.30     464.44    19.13
359.56    21.47     360.73    21.47
374.21    21.47     378.89    20.89
88.27    22.06     88.86    21.47
145.69    22.06     146.86    20.30
83.00    22.64     83.00    20.89
122.84    22.64     121.08    24.40
125.77    22.64     125.77    21.47
169.13    23.23     169.71    21.47
235.93    23.82     236.51    22.06
15.03    24.40     15.03    26.75
194.91    24.40     194.32    23.23
372.45    24.40     375.38    23.23
519.52    24.40     523.04    21.47
158.00    24.99     157.41    23.23
467.96    24.99     470.89    24.99
203.70    26.16     203.70    22.64
435.14    27.33     438.07    26.75
145.69    27.92     143.93    27.92
459.75    27.92     462.10    27.33
327.92    28.50     326.75    27.92
319.13    29.09     319.71    27.33
300.38    29.68     300.38    29.68
449.21    30.26     448.62    30.85
499.01    30.26     500.77    27.92
366.59    32.02     365.42    31.43
374.21    32.02     377.14    30.26
424.60    32.02     424.01    31.43
359.56    32.61     360.14    30.85
468.54    32.61     471.47    30.85
255.26    33.19     254.09    33.78
435.14    34.36     437.49    32.02
341.39    34.95     341.98    32.61
194.32    35.54     194.32    34.36
324.40    36.12     327.33    35.54
335.54    36.12     334.95    35.54
59.56    37.88     60.73    39.05
438.07    37.88     439.25    36.71
524.21    37.88     523.62    37.29
166.20    38.46     167.37    34.95
176.75    39.05     175.57    34.95
460.93    39.05     462.68    39.05
295.69    39.64     299.79    39.05
258.78    40.22     258.78    40.81
373.62    40.22     373.04    39.64
18.54    40.81     17.96    38.46
80.07    40.81     78.89    41.98
344.32    42.57     343.15    42.57
397.64    42.57     395.89    41.98
424.60    43.15     424.01    41.98
188.46    44.91     186.71    43.15
299.21    47.25     300.96    46.67
343.15    47.84     342.57    46.67
191.39    48.43     193.15    45.50
207.21    49.01     206.63    47.84
218.93    49.60     216.59    48.43
210.14    51.36     208.97    50.77
172.64    52.53     170.89    52.53
511.32    52.53     514.83    50.18
159.75    53.70     159.75    55.46
21.47    54.29     22.64    53.70
104.09    54.87     104.09    53.11
38.46    55.46     34.95    54.29
186.12    55.46     185.54    51.94
303.31    55.46     302.14    52.53
207.80    56.04     209.56    53.70
173.23    56.63     170.89    55.46
243.54    57.80     243.54    57.80
102.92    58.97     104.68    56.04
124.01    58.97     122.25    58.97
135.14    59.56     133.97    58.97
145.69    59.56     146.28    57.21
39.05    60.14     41.98    60.14
105.85    60.14     106.43    60.14
385.34    60.14     385.93    58.97
434.56    60.14     438.07    59.56
241.79    60.73     242.37    60.73
57.80    61.90     59.56    60.73
344.32    62.49     343.74    61.90
385.34    63.07     384.75    61.90
315.03    63.66     315.61    63.07
351.36    63.66     351.94    63.66
39.05    64.25     36.12    64.25
147.45    64.25     146.86    66.00
309.17    64.83     308.00    63.07
302.72    65.42     301.55    63.07
4.48    66.00     4.48    65.42
22.64    66.00     23.82    66.00
83.58    66.59     84.75    66.59
264.05    66.59     264.64    65.42
50.77    67.76     49.60    68.93
203.70    68.93     204.29    68.93
84.75    69.52     84.75    71.28
264.05    69.52     264.64    68.35
324.99    69.52     324.99    71.28
286.90    70.11     287.49    69.52
308.58    71.28     310.34    72.45
224.21    73.04     224.21    72.45
286.90    73.04     287.49    73.62
163.86    74.21     164.44    74.79
275.77    74.21     275.77    73.04
239.44    75.38     238.86    74.21
4.48    77.14     5.07    74.79
330.26    77.14     332.02    77.72
289.83    77.72     288.07    76.55
23.82    78.31     24.99    78.31
50.77    78.31     51.36    78.31
394.13    78.31     395.30    75.96
39.64    78.89     37.88    78.31
343.15    80.07     343.74    79.48
146.28    80.65     146.86    80.07
566.39    80.65     564.05    77.72
122.84    82.41     122.84    81.24
362.49    83.00     363.07    82.41
133.39    84.17     133.97    83.00
303.31    84.17     304.48    82.41
377.72    84.17     381.24    83.58
238.27    85.34     239.44    83.58
108.78    85.93     107.61    85.93
252.33    85.93     253.50    85.93
269.91    85.93     269.32    85.34
457.41    85.93     460.34    84.75
206.04    86.51     205.46    86.51
52.53    87.10     51.94    88.86
95.89    87.10     94.71    87.10
375.38    87.10     377.14    86.51
164.44    87.68     165.03    87.68
174.99    87.68     177.92    86.51
38.46    88.27     37.29    88.86
68.93    88.27     67.76    87.68
84.75    88.27     84.17    88.86
100.57    88.27     104.68    87.10
111.71    88.86     111.71    88.27
114.64    88.86     115.22    88.27
185.54    88.86     185.54    87.10
555.85    89.44     555.85    88.27
22.06    90.03     22.06    88.27
148.04    90.03     148.62    88.86
117.57    90.61     118.15    90.61
226.55    90.61     227.72    88.86
237.10    90.61     238.27    88.86
280.46    90.61     281.63    90.61
4.48    91.20     4.48    89.44
84.17    91.20     83.58    92.96
229.48    91.20     230.65    89.44
448.04    91.20     447.45    91.20
101.75    91.79     102.33    90.03
313.86    91.79     313.86    92.37
22.64    92.96     22.06    91.20
56.04    92.96     55.46    94.13
34.36    93.54     33.19    95.30
45.50    93.54     43.74    95.30
418.74    93.54     419.32    95.30
326.16    94.13     326.75    94.13
283.97    94.71     283.39    93.54
555.26    95.30     554.09    94.13
7.41    95.89     10.93    95.30
247.64    96.47     249.40    97.06
325.57    97.06     326.16    97.06
460.93    97.06     460.34    97.64
225.96    97.64     225.38    97.06
215.42    98.23     216.59    95.89
333.19    98.23     330.85    97.06
336.12    98.23     336.12    97.64
410.54    99.40     409.95    97.06
540.61    99.40     540.61    99.40
291.00    99.99     291.59    99.99
385.93    100.57     383.58    100.57
332.02    101.16     332.61    101.16
334.95    101.16     337.29    101.16
33.78    101.75     30.85    105.26
271.67    101.75     271.08    98.82
356.04    101.75     358.39    98.23
424.01    101.75     424.60    101.75
162.68    102.33     161.51    99.99
305.65    102.33     305.65    102.92
150.38    102.92     150.96    102.92
20.30    103.50     19.13    103.50
277.53    103.50     278.70    103.50
138.66    104.68     138.07    101.75
460.34    107.02     459.75    107.61
449.21    107.61     448.62    103.50
124.01    109.36     123.43    109.95
298.62    109.36     298.62    109.36
269.91    109.95     270.50    107.61
285.14    109.95     284.56    108.78
96.47    111.12     98.23    111.71
214.83    111.12     216.00    110.54
224.79    111.12     225.38    109.95
234.75    111.12     238.27    111.12
370.69    111.12     371.86    109.95
80.07    114.05     79.48    112.88
65.42    114.64     63.07    115.22
77.14    115.22     76.55    116.39
531.82    115.22     532.41    117.57
15.03    115.81     13.86    115.81
360.14    115.81     361.32    116.39
283.97    116.39     282.21    116.98
357.21    116.98     358.39    116.39
28.50    117.57     27.33    116.98
41.39    117.57     40.81    116.98
302.14    117.57     302.14    117.57
115.81    118.74     114.05    121.08
316.79    119.32     317.37    117.57
153.89    120.50     152.72    120.50
287.49    120.50     286.90    121.08
340.81    121.67     341.98    121.08
202.53    122.25     203.11    121.67
368.93    122.25     370.11    121.67
207.80    123.43     209.56    123.43
482.02    123.43     482.61    123.43
323.82    126.36     322.64    124.60
535.34    126.36     535.34    127.53
127.53    128.11     128.11    126.94
337.29    128.11     336.71    129.29
443.35    128.11     444.52    128.70
23.82    128.70     22.64    125.77
102.92    129.29     100.57    127.53
536.51    129.29     536.51    131.04
391.79    129.87     390.03    129.87
299.79    131.63     299.79    130.46
370.11    132.21     371.86    133.39
392.37    132.80     392.37    132.80
309.75    133.97     308.58    133.39
449.21    133.97     448.62    135.14
499.01    133.97     500.18    132.21
392.96    135.73     392.37    135.73
540.03    135.73     538.86    135.73
320.89    136.90     322.06    135.73
349.60    137.49     349.60    135.73
541.79    139.25     542.96    140.42
19.13    139.83     16.20    142.18
200.77    139.83     200.18    138.66
207.21    139.83     207.21    139.83
447.45    139.83     450.38    139.83
456.24    139.83     457.41    140.42
506.63    139.83     506.63    143.93
332.02    140.42     332.02    141.59
359.56    141.59     360.14    141.59
544.13    142.18     544.13    143.35
380.07    142.76     379.48    143.35
515.42    145.11     513.66    145.69
393.54    147.45     393.54    145.11
448.04    147.45     448.62    146.28
160.93    148.04     159.75    145.69
308.00    148.62     309.75    148.04
320.89    149.21     322.06    149.21
523.04    149.21     523.62    150.96
456.24    149.79     456.24    150.38
394.71    150.38     394.13    149.21
297.45    151.55     299.79    150.38
539.44    151.55     540.03    150.96
205.46    152.72     206.04    152.72
332.02    152.72     330.85    152.72
485.54    152.72     486.71    152.72
589.83    152.72     588.07    152.72
393.54    153.31     394.13    152.14
344.32    155.07     346.08    155.65
375.38    155.07     373.04    153.31
349.01    155.65     349.60    156.24
495.50    158.00     496.08    160.34
245.89    158.58     244.71    159.17
406.43    158.58     405.85    158.58
409.36    159.17     408.78    158.58
10.34    160.34     9.75    158.00
359.56    160.34     360.14    160.34
384.17    162.10     385.34    163.27
410.54    162.10     411.12    161.51
172.64    162.68     172.64    162.68
504.87    163.27     505.46    163.27
554.68    163.27     557.02    163.27
331.43    163.86     330.26    162.68
208.97    164.44     211.32    163.27
545.89    164.44     545.30    166.79
191.39    165.03     191.98    165.61
57.80    165.61     57.80    163.27
369.52    166.20     369.52    166.20
387.10    166.20     387.68    167.37
506.04    166.20     507.21    166.20
574.01    166.79     574.60    167.96
289.25    167.37     288.07    165.61
80.65    167.96     80.07    167.37
338.46    167.96     339.64    170.30
423.43    167.96     426.36    167.37
95.89    168.54     93.54    167.96
109.36    168.54     109.95    168.54
247.64    169.71     247.06    169.71
388.86    170.30     388.86    170.30
424.60    170.89     426.36    170.30
238.86    172.64     238.86    172.06
430.46    172.64     430.46    170.89
156.24    173.23     156.24    172.64
272.84    173.82     275.77    174.40
433.39    173.82     434.56    174.99
506.04    173.82     505.46    173.23
56.04    174.40     54.87    173.82
187.88    174.40     187.29    174.99
66.59    174.99     67.18    174.99
84.17    175.57     84.75    177.92
291.59    175.57     290.42    174.99
97.06    176.75     95.30    176.75
401.75    176.75     401.16    177.33
434.56    176.75     434.56    177.92
506.04    176.75     507.21    179.09
346.08    177.33     349.01    177.92
540.03    177.33     541.79    178.50
530.07    177.92     527.72    179.68
10.93    178.50     6.82    177.33
377.14    179.68     378.31    178.50
407.02    180.26     406.43    180.85
402.92    180.85     403.50    180.26
356.04    181.43     356.04    181.43
138.66    182.61     138.07    184.36
368.93    182.61     368.93    181.43
410.54    183.19     410.54    184.36
446.86    183.78     447.45    185.54
357.80    184.36     356.63    184.36
154.48    185.54     154.48    186.12
544.71    185.54     542.37    186.71
25.57    186.71     26.75    187.29
100.57    186.71     97.64    186.12
125.77    189.05     125.18    189.05
133.39    189.05     131.04    189.05
156.24    189.05     157.41    186.71
230.07    189.05     231.24    190.22
462.10    190.22     458.00    189.05
397.06    191.39     397.64    190.81
487.29    191.39     487.29    194.91
156.24    191.98     158.58    190.22
138.07    192.57     137.49    191.98
237.68    193.15     238.27    193.15
469.71    193.15     467.96    191.98
380.65    193.74     382.41    193.74
503.11    194.32     504.29    196.67
421.08    196.08     421.08    194.32
424.01    196.08     424.60    194.32
477.33    196.08     477.33    196.67
563.46    196.67     565.22    199.60
87.68    197.25     88.86    197.25
115.81    197.25     114.64    197.25
416.98    197.25     417.57    197.25
296.86    197.84     296.28    197.25
483.78    197.84     486.71    197.84
54.87    199.01     58.97    199.01
33.78    200.77     33.19    200.18
250.57    201.36     248.82    203.11
431.04    202.53     433.39    200.77
446.28    203.11     446.86    203.11
434.56    203.70     436.90    203.11
263.46    204.29     264.05    204.29
439.83    204.29     441.59    204.29
86.51    204.87     87.68    205.46
425.77    205.46     425.77    204.87
92.96    206.04     95.30    206.63
115.81    206.04     115.22    206.04
272.25    206.04     271.67    205.46
458.00    206.04     458.00    206.63
492.57    206.04     493.15    207.21
506.63    206.04     506.04    207.80
12.68    206.63     10.93    206.04
416.39    207.21     415.81    206.04
62.49    207.80     62.49    207.21
583.97    207.80     587.49    208.97
131.04    208.39     133.39    209.56
138.66    208.97     139.25    210.73
246.47    208.97     247.06    208.97
288.07    208.97     288.07    208.97
378.31    209.56     379.48    208.39
146.28    210.14     145.11    210.14
291.00    210.14     291.00    209.56
415.81    210.14     415.81    210.73
469.71    210.14     470.89    209.56
503.70    210.14     503.70    210.73
155.07    210.73     156.24    210.73
182.02    210.73     185.54    210.14
582.80    210.73     582.21    210.73
293.93    211.32     293.93    210.14
478.50    211.90     477.92    211.90
94.71    212.49     94.13    211.32
238.27    213.66     239.44    216.00
532.41    213.66     534.17    216.00
581.04    213.66     582.21    213.66
45.50    214.25     47.84    213.66
16.79    214.83     15.61    215.42
51.36    214.83     51.94    214.83
169.71    214.83     172.64    214.83
310.93    215.42     310.34    214.83
315.61    215.42     316.20    215.42
414.64    215.42     415.22    213.66
545.89    215.42     544.71    214.83
4.48    216.00     5.07    214.83
319.13    216.00     320.30    216.59
394.13    216.00     394.13    215.42
513.07    216.00     513.07    216.59
552.92    217.18     554.09    217.76
488.46    217.76     489.64    218.93
36.12    219.52     37.88    216.00
332.02    219.52     330.85    220.11
341.98    220.11     341.98    221.28
414.05    220.11     414.64    220.69
424.01    220.69     424.60    220.69
559.36    220.69     559.95    223.62
336.12    221.28     336.71    221.28
351.36    222.45     352.53    223.04
467.96    222.45     468.54    221.86
354.29    223.04     355.46    223.62
440.42    223.04     439.83    221.86
494.91    223.04     496.67    223.04
525.38    223.04     526.55    223.62
565.22    223.04     565.22    224.79
73.04    223.62     71.86    224.21
465.03    223.62     467.96    224.79
541.20    224.21     540.61    224.79
367.18    224.79     367.18    225.96
457.41    224.79     457.41    224.21
594.52    224.79     593.93    223.62
87.10    225.38     90.61    226.55
211.32    225.38     210.73    227.72
169.13    225.96     172.06    224.79
466.20    226.55     467.96    227.72
503.70    227.72     504.87    228.89
115.22    228.89     116.98    230.07
139.83    228.89     141.00    227.72
282.21    228.89     282.80    230.07
383.58    229.48     383.58    230.07
532.41    229.48     533.00    228.89
285.73    230.07     287.49    230.65
122.84    230.65     125.18    231.24
403.50    231.24     402.33    230.07
139.83    231.82     139.83    232.41
290.42    231.82     291.59    232.41
392.96    231.82     392.96    230.65
467.96    231.82     468.54    232.41
547.64    231.82     547.64    231.24
412.29    233.00     412.88    233.58
20.30    234.17     20.30    231.24
143.35    234.17     142.76    231.82
308.00    234.17     307.41    234.17
517.18    234.17     517.76    234.75
140.42    234.75     139.83    235.34
561.71    235.34     560.54    238.27
564.64    235.34     565.22    234.75
567.57    235.34     569.32    234.17
316.79    235.93     316.79    237.10
422.25    235.93     422.84    235.34
438.66    237.10     438.07    238.27
146.28    237.68     145.69    235.93
116.98    238.86     116.39    236.51
81.24    239.44     82.41    240.03
466.20    239.44     466.79    238.86
478.50    241.20     478.50    241.79
156.24    241.79     156.24    241.79
505.46    241.79     504.87    240.61
467.37    242.96     469.71    242.37
565.81    243.54     565.81    244.13
439.83    244.13     441.00    242.96
252.33    244.71     252.92    243.54
329.68    244.71     332.02    245.89
276.94    245.30     276.36    243.54
527.14    245.30     528.31    243.54
540.61    245.30     540.03    245.30
469.13    245.89     470.30    245.30
213.07    246.47     212.49    247.06
288.66    246.47     286.90    244.71
576.36    246.47     577.53    245.30
300.96    247.06     300.96    247.06
441.00    247.06     441.59    245.89
115.22    247.64     121.08    244.71
298.04    247.64     298.04    247.06
327.92    247.64     329.68    248.82
421.67    247.64     424.01    248.23
556.43    247.64     557.61    246.47
361.32    248.23     362.49    248.23
418.74    248.23     421.08    250.57
443.93    248.23     444.52    247.06
373.62    248.82     374.21    248.23
385.93    248.82     385.93    249.40
460.34    248.82     462.68    248.82
589.25    248.82     592.18    248.23
397.64    249.40     398.23    249.40
446.86    249.40     447.45    249.99
468.54    249.40     470.89    248.23
97.06    249.99     96.47    251.16
115.22    250.57     115.81    250.57
469.71    252.33     470.30    253.50
6.82    252.92     9.17    254.09
549.40    252.92     549.40    252.92
211.90    253.50     211.32    253.50
250.57    254.09     247.64    253.50
145.11    254.68     145.11    252.92
154.48    254.68     154.48    255.26
326.16    255.85     326.16    255.26
37.88    256.43     40.22    255.85
516.00    256.43     517.18    255.26
179.68    257.02     179.09    257.02
343.15    257.61     341.39    257.61
479.68    258.19     479.09    257.61
182.61    258.78     182.02    258.78
357.80    259.36     358.39    259.95
385.34    259.36     385.34    259.95
503.70    259.36     503.70    257.61
534.17    260.54     534.75    259.95
544.13    260.54     544.71    261.12
594.52    260.54     594.52    259.95
549.99    261.71     550.57    264.05
75.38    262.29     76.55    263.46
144.52    262.29     144.52    263.46
521.86    262.29     522.45    262.29
582.21    263.46     581.63    263.46
87.10    264.05     86.51    264.64
479.09    264.05     479.09    265.22
323.23    264.64     324.99    264.64
98.23    265.81     97.64    266.39
170.30    265.81     172.64    264.64
569.32    265.81     569.91    264.64
336.12    266.39     336.71    266.98
466.20    266.39     467.96    265.81
552.92    266.39     553.50    267.57
153.89    266.98     154.48    268.15
262.88    266.98     258.78    265.81
398.82    266.98     399.40    267.57
417.57    266.98     417.57    266.39
107.61    267.57     106.43    267.57
420.50    267.57     420.50    266.39
463.27    267.57     463.86    266.98
556.43    268.74     556.43    267.57
510.14    269.32     513.66    269.91
553.50    269.32     555.26    270.50
122.25    269.91     125.77    268.15
357.21    270.50     356.63    271.08
360.14    270.50     359.56    271.08
433.97    270.50     435.14    270.50
139.83    271.08     137.49    269.91
522.45    271.08     521.86    271.08
292.18    271.67     290.42    271.08
370.69    271.67     370.69    270.50
592.18    271.67     594.52    272.84
142.76    273.43     142.18    273.43
306.82    273.43     305.65    274.01
309.75    273.43     308.58    274.01
320.30    273.43     320.89    274.60
384.17    273.43     384.17    274.01
295.11    274.01     293.35    274.01
275.18    274.60     275.18    275.18
289.25    274.60     287.49    274.01
292.18    274.60     290.42    274.01
446.28    274.60     451.55    271.67
183.78    275.18     182.61    274.60
210.14    275.18     207.80    274.60
244.71    275.18     241.79    275.18
200.77    275.77     197.84    275.77
247.64    275.77     244.71    275.18
260.54    276.36     257.02    274.60
74.79    277.53     73.62    279.29
398.23    277.53     399.40    277.53
509.56    277.53     511.32    276.94
448.62    279.29     448.62    281.04
497.84    279.29     497.25    279.29
319.71    280.46     320.30    279.87
438.66    280.46     440.42    282.21
435.73    281.04     433.97    281.04
398.23    281.63     399.40    280.46
170.30    282.21     172.06    282.21
350.18    282.21     349.60    281.63
481.43    282.21     483.19    281.63
156.82    282.80     159.17    281.63
590.42    282.80     591.00    281.04
141.00    283.39     141.00    283.97
181.43    283.39     180.26    283.97
319.71    283.39     317.96    283.97
337.88    283.97     340.22    283.97
12.68    284.56     13.27    283.97
465.03    284.56     464.44    283.97
457.41    285.14     458.58    285.14
462.10    285.14     461.51    285.73
397.64    286.32     399.99    284.56
569.32    287.49     572.25    287.49
383.58    288.07     383.58    288.66
23.23    288.66     26.16    290.42
440.42    288.66     441.59    287.49
84.17    289.25     84.75    288.66
104.68    289.83     106.43    290.42
174.40    289.83     176.75    291.00
225.38    289.83     224.21    288.07
254.68    289.83     254.09    288.66
558.19    289.83     559.36    290.42
92.96    290.42     91.79    289.25
119.32    290.42     121.08    291.00
348.43    291.00     349.01    291.59
356.04    291.00     356.04    291.00
362.49    291.00     363.07    291.00
381.24    291.00     383.00    291.59
136.90    292.18     138.66    291.59
545.30    292.18     545.89    289.83
398.82    293.93     399.99    295.11
155.07    294.52     154.48    292.76
534.75    294.52     536.51    293.35
168.54    295.11     169.13    295.11
384.17    295.11     383.00    295.11
472.06    295.11     472.64    296.28
525.96    295.11     526.55    294.52
174.40    296.28     174.99    293.93
516.59    296.28     518.35    296.86
127.53    296.86     129.87    297.45
178.50    296.86     180.26    295.69
453.31    296.86     453.31    299.21
83.58    297.45     84.75    295.69
487.29    297.45     487.29    298.04
337.29    298.62     336.12    299.79
315.03    299.21     315.03    301.55
48.43    299.79     48.43    299.79
569.91    299.79     571.67    299.79
558.78    300.96     559.36    299.79
507.21    301.55     507.21    302.72
95.30    302.14     94.13    302.72
464.44    302.14     464.44    304.48
24.99    302.72     19.13    302.14
235.34    303.31     234.75    304.48
250.57    303.31     251.75    303.89
591.59    303.31     593.35    303.89
243.54    303.89     241.20    303.31
500.18    303.89     499.01    304.48
221.86    304.48     221.28    303.89
545.89    304.48     547.06    303.89
125.77    305.07     127.53    305.07
177.33    305.07     179.68    305.07
196.08    305.07     193.15    303.89
138.07    305.65     139.83    305.07
158.58    305.65     160.93    304.48
450.96    305.65     452.14    306.82
487.29    305.65     488.46    306.24
39.05    306.24     36.71    306.82
569.91    306.82     571.67    308.58
586.32    307.41     586.90    307.41
534.75    308.00     535.93    308.00
53.11    308.58     54.29    309.75
317.37    308.58     313.27    309.17
354.29    308.58     356.04    308.58
414.05    308.58     416.39    307.41
474.40    308.58     474.99    308.00
346.67    309.17     348.43    309.75
416.98    309.17     416.98    310.34
524.79    309.17     525.96    309.17
327.92    309.75     329.68    308.58
465.03    309.75     465.03    309.17
432.21    310.34     432.21    310.34
116.39    311.51     119.91    310.93
287.49    312.10     288.07    313.86
239.44    312.68     233.00    312.68
147.45    313.27     148.62    312.10
245.30    313.86     247.64    315.03
272.25    313.86     272.84    313.86
388.27    313.86     390.03    315.03
260.54    314.44     259.95    314.44
569.32    315.03     572.25    314.44
43.15    315.61     40.81    313.86
204.87    315.61     205.46    317.37
578.70    316.20     580.46    317.96
402.92    317.37     403.50    316.79
589.25    317.37     591.59    316.20
377.14    317.96     377.72    317.37
489.05    318.54     489.64    318.54
506.63    318.54     507.80    316.79
557.61    318.54     558.78    319.13
524.79    319.71     525.96    319.13
533.58    319.71     534.17    320.89
568.74    319.71     571.08    320.30
389.44    320.30     389.44    317.96
453.31    320.30     453.89    320.30
475.57    320.30     475.57    319.71
515.42    320.30     517.18    319.71
547.06    320.30     547.64    319.71
591.00    320.30     592.76    319.13
271.08    320.89     271.67    321.47
466.20    321.47     465.03    322.06
160.93    322.06     159.17    323.23
176.75    323.23     177.92    321.47
242.37    327.33     240.61    327.92
391.20    327.92     391.20    327.33
578.11    327.92     580.46    327.92
206.63    328.50     207.80    329.09
569.32    328.50     571.67    327.92
416.98    329.68     416.39    329.68
531.24    329.68     531.82    328.50
587.49    329.68     591.00    329.09
404.68    330.26     403.50    329.09
332.61    330.85     334.36    330.26
430.46    330.85     430.46    330.26
489.05    330.85     490.22    330.26
498.43    330.85     499.01    330.26
442.76    332.02     443.93    332.02
451.55    332.02     452.14    332.02
506.63    332.02     507.21    330.85
514.83    332.02     516.00    331.43
43.74    332.61     40.81    330.85
454.48    332.61     455.07    332.02
159.17    333.19     160.34    333.19
169.71    333.19     168.54    332.61
326.16    333.19     325.57    332.61
336.71    333.19     334.36    333.19
466.20    333.19     465.61    333.19
524.21    333.19     524.79    330.26
295.69    333.78     296.86    333.78
547.64    333.78     549.40    332.61
476.16    334.36     475.57    335.54
274.60    334.95     275.77    336.12
289.83    334.95     287.49    335.54
153.31    335.54     155.07    336.71
267.57    335.54     265.22    336.71
193.74    336.71     189.05    337.29
251.75    336.71     249.99    337.88
379.48    337.29     379.48    337.29
180.85    337.88     179.68    337.88
244.13    337.88     240.03    339.05
392.37    337.88     392.37    337.88
547.06    337.88     548.82    336.71
92.96    338.46     92.96    338.46
240.03    338.46     237.10    339.05
187.88    339.05     186.12    339.64
235.93    339.05     233.58    339.64
530.07    339.05     531.24    337.88
56.04    339.64     54.87    337.29
233.00    339.64     229.48    340.22
404.68    339.64     404.68    339.64
569.91    339.64     571.67    338.46
578.70    339.64     579.87    339.64
230.07    340.22     224.21    341.39
546.47    340.81     548.82    341.39
587.49    340.81     592.18    339.64
368.93    341.39     366.00    341.39
128.11    341.98     129.29    341.98
139.25    341.98     138.07    341.39
146.86    341.98     145.69    341.39
427.53    342.57     427.53    341.98
524.21    342.57     524.21    341.98
514.25    343.15     515.42    341.39
561.71    343.15     564.64    343.74
442.76    343.74     443.35    343.15
449.21    343.74     448.62    343.15
210.73    344.32     210.14    343.74
218.35    344.32     214.83    346.08
221.28    344.32     219.52    344.91
506.04    344.32     506.63    342.57
190.81    344.91     190.22    344.32
344.91    344.91     346.67    346.67
466.79    344.91     465.61    344.91
476.75    345.50     476.16    346.08
489.05    345.50     490.22    344.32
510.14    346.08     511.90    346.67
513.66    346.08     514.83    345.50
110.54    346.67     111.12    346.08
173.23    347.25     174.40    347.84
153.89    347.84     156.82    349.01
164.44    347.84     165.61    348.43
525.96    348.43     525.96    349.01
29.09    349.01     22.64    347.84
514.83    349.01     516.00    348.43
528.89    349.01     528.89    349.01
48.43    350.18     42.57    349.60
54.29    350.18     56.04    350.18
367.18    350.77     363.07    351.94
546.47    351.36     547.64    350.77
577.53    351.94     579.87    352.53
132.21    352.53     131.04    353.11
560.54    352.53     562.88    353.11
135.14    353.11     135.14    352.53
564.05    353.11     565.81    353.11
566.98    353.11     570.50    354.29
585.14    353.70     589.25    354.87
591.00    354.29     592.18    353.70
379.48    356.04     378.89    353.11
75.96    356.63     73.04    358.39
366.59    357.21     363.66    354.87
352.53    357.80     349.01    356.04
401.75    357.80     401.75    357.21
107.61    358.39     108.19    357.80
101.75    361.32     99.40    361.32
83.00    363.66     77.14    364.25
88.86    363.66     84.75    363.07
67.18    364.83     66.59    365.42
64.25    365.42     60.14    366.59
61.32    366.00     56.63    367.18
49.60    367.76     46.08    369.52
32.61    371.86     27.92    371.86
550.57    373.04     552.33    375.38
8.00    380.07     5.07    380.07
436.90    405.85     436.32    406.43
359.56    407.61     360.14    408.19
390.61    408.19     389.44    407.02
393.54    408.19     395.30    407.61
450.38    408.19     451.55    407.61
387.68    408.78     383.58    408.78
411.71    409.36     412.29    407.02
493.74    409.36     497.25    409.36
500.77    409.36     503.11    409.36
479.68    409.95     479.09    408.19
497.84    409.95     500.18    409.95
338.46    411.12     337.88    411.12
310.34    412.29     301.55    412.88
343.74    412.29     341.98    410.54
332.02    412.88     330.26    412.29
544.13    412.88     545.30    411.71
199.60    415.22     200.77    415.22
207.80    415.22     208.39    415.81
252.92    416.39     247.64    418.15
284.56    416.39     279.29    416.98
298.62    416.39     289.25    416.98
450.38    416.39     446.86    416.98
554.68    416.39     558.19    415.81
213.66    416.98     214.25    416.39
230.65    416.98     228.31    415.22
401.16    417.57     401.16    418.15
432.80    417.57     435.14    415.81
576.36    417.57     580.46    416.39
158.58    418.15     158.58    418.15
268.15    418.15     261.71    418.15
412.29    418.15     412.29    416.98
586.32    418.15     588.66    416.98
161.51    418.74     161.51    418.74
241.20    418.74     237.10    417.57
164.44    419.91     164.44    419.32
250.57    419.91     247.64    421.08
489.05    420.50     487.88    420.50
538.86    421.08     540.61    421.08
268.74    421.67     259.95    421.08
373.04    421.67     370.69    421.08
208.39    422.25     208.97    421.67
364.83    422.84     363.66    422.25
119.32    424.01     121.08    423.43
344.32    424.01     341.98    426.94
116.39    424.60     115.81    425.77
141.00    424.60     142.76    426.94
579.29    425.77     581.04    426.36
586.32    425.77     588.66    425.18
98.23    426.36     98.82    426.94
232.41    426.36     233.00    426.36
346.08    428.70     345.50    427.53
218.93    429.29     219.52    429.29
289.83    430.46     287.49    431.04
472.06    430.46     470.30    428.70
528.89    431.04     532.41    429.87
203.11    433.39     205.46    433.39
514.83    433.39     517.76    434.56
278.70    435.14     271.08    435.14
483.19    435.14     482.02    435.73
375.96    435.73     378.31    436.32
270.50    436.32     266.39    436.32
394.71    436.90     392.96    436.90
329.68    437.49     318.54    437.49
335.54    437.49     334.95    438.07
101.16    438.66     100.57    441.00
180.26    439.25     179.68    440.42
265.81    439.25     261.12    439.25
170.30    439.83     169.71    439.25
353.70    440.42     355.46    441.00
221.86    443.35     220.69    442.76
453.89    443.93     455.65    442.18
369.52    445.69     366.59    444.52
255.26    446.86     253.50    446.86
204.87    447.45     204.29    449.21
207.80    448.04     209.56    447.45
579.29    448.04     582.80    447.45
315.03    448.62     311.51    449.79
542.96    448.62     544.71    448.62
547.06    448.62     548.82    448.62
568.15    448.62     570.50    448.04
575.77    448.62     575.77    447.45
131.04    449.21     130.46    450.38
441.59    449.21     443.93    448.62
307.41    450.38     304.48    449.21
529.48    450.38     531.24    449.79
317.96    450.96     316.79    448.62
198.43    451.55     197.84    451.55
357.21    451.55     357.80    449.79
246.47    452.14     245.30    451.55
432.21    452.14     435.14    450.96
516.00    454.48     517.18    454.48
413.46    455.07     415.22    455.07
186.71    455.65     184.36    455.65
291.59    455.65     292.18    455.07
510.14    456.24     508.39    455.07
150.38    458.00     150.96    456.82
224.79    458.00     224.79    458.00
54.29    458.58     50.77    459.17
491.98    461.51     491.98    459.17
133.39    462.68     133.97    462.68
479.68    463.27     483.19    462.68
398.82    463.86     404.09    462.10
473.82    463.86     473.23    462.68
196.67    464.44     198.43    466.79
208.39    464.44     207.80    465.03
459.75    465.03     462.10    463.86
133.39    465.61     133.97    465.61
563.46    465.61     564.05    466.20
444.52    467.37     448.04    466.20
447.45    467.37     450.96    465.61
433.97    468.54     436.90    467.96
38.46    469.71     36.71    472.64
227.14    470.89     227.14    470.30
353.70    472.06     356.04    472.06
544.13    472.64     545.30    472.06
418.15    473.82     425.18    471.47
552.33    474.40     553.50    472.64
211.90    474.99     213.66    474.40
333.78    475.57     334.36    474.40
326.16    476.16     324.40    476.75
323.23    476.75     319.13    476.75
585.14    476.75     586.90    476.16
594.52    477.33     593.35    478.50
212.49    477.92     214.25    477.33
409.95    477.92     417.57    474.99
308.00    479.09     305.65    478.50
289.83    480.26     288.07    478.50
268.74    480.85     266.39    482.02
271.67    480.85     271.08    479.09
381.24    480.85     382.41    477.92
227.72    482.02     228.31    482.02
234.17    482.02     236.51    483.78
397.64    482.02     404.09    479.09
472.64    482.02     473.82    480.26
63.66    482.61     63.66    482.02
190.22    482.61     190.81    484.95
193.15    482.61     193.74    484.36
251.16    482.61     252.33    480.85
203.70    483.19     204.87    483.19
455.65    483.19     460.93    483.19
88.86    486.12     90.03    485.54
82.41    489.64     82.41    488.46
423.43    490.22     427.53    487.29
141.00    490.81     145.11    490.81
329.09    491.98     327.33    490.22
552.33    491.98     554.09    492.57
558.19    491.98     559.36    490.81
104.68    492.57     107.02    493.74
435.14    493.15     439.25    491.39
188.46    493.74     188.46    493.74
571.67    493.74     572.84    493.15
273.43    494.32     283.97    498.43
71.28    494.91     71.28    494.32
65.42    496.08     65.42    495.50
178.50    496.08     177.92    495.50
408.78    496.67     411.71    494.91
58.97    497.84     58.97    498.43
361.90    497.84     361.90    498.43
401.75    497.84     401.16    496.67
457.41    497.84     462.10    496.67
93.54    498.43     92.96    499.60
353.11    499.60     354.29    499.60
48.43    500.18     46.67    500.77
337.88    500.18     336.71    499.01
107.61    500.77     108.19    499.01
87.10    501.36     87.10    499.60
334.95    501.36     333.19    500.77
323.23    504.29     323.23    503.11
304.48    506.63     305.65    506.63
78.89    507.21     78.31    508.39
95.89    507.21     95.89    506.04
208.39    507.21     207.80    503.70
301.55    507.21     300.96    506.63
316.79    507.21     315.03    506.63
266.98    508.97     271.67    508.97
363.66    508.97     372.45    502.53
64.83    509.56     62.49    509.56
67.76    509.56     69.52    507.80
112.29    509.56     112.29    509.56
284.56    509.56     283.39    510.14
256.43    510.14     256.43    510.14
259.36    510.14     261.12    510.14
523.04    510.14     524.21    508.39
554.09    510.14     552.92    508.97
88.27    510.73     88.86    509.56
520.11    511.32     520.69    510.73
364.25    511.90     366.00    511.32
504.87    512.49     504.87    511.32
476.16    513.07     476.75    514.25
47.25    513.66     49.01    515.42
79.48    514.83     80.07    511.32
98.82    514.83     98.82    514.25
459.17    514.83     463.86    515.42
472.06    515.42     474.40    517.18
583.39    515.42     586.32    515.42
431.63    516.00     439.25    515.42
436.90    516.00     442.18    516.00
442.76    516.00     448.04    516.00
448.04    516.00     450.96    516.59
416.98    516.59     421.08    514.83
421.67    516.59     426.36    515.42
425.77    516.59     430.46    516.00
258.78    517.18     255.26    519.52
408.19    517.18     415.81    514.25
210.73    517.76     210.14    516.59
200.18    518.35     199.60    518.93
81.24    519.52     82.41    519.52
335.54    519.52     332.61    519.52
26.75    521.86     29.09    520.69
193.74    521.86     192.57    520.69
504.29    521.86     503.70    520.11
180.26    523.04     182.61    521.28
492.57    523.04     493.15    524.21
395.30    523.62     402.92    521.86
244.13    525.38     242.37    524.79
68.93    525.96     69.52    525.96
164.44    528.31     166.20    526.55
590.42    528.89     591.59    530.07
368.35    529.48     373.04    527.72
299.21    530.07     299.21    531.24
572.84    530.65     574.60    531.82
587.49    530.65     588.66    530.65
119.91    531.24     121.67    532.41
358.97    531.24     360.14    531.24
31.43    532.41     28.50    535.34
88.27    532.41     88.27    534.17
225.38    533.00     225.38    533.58
195.50    533.58     197.84    532.41
265.81    534.17     264.64    533.00
271.08    534.17     272.25    534.75
339.05    534.75     337.29    534.75
56.63    535.34     55.46    534.75
53.70    535.93     52.53    533.58
333.19    535.93     334.36    534.17
477.33    537.68     480.26    538.86
473.82    538.27     474.40    538.27
167.96    538.86     167.96    538.27
482.61    538.86     484.36    537.68
493.15    538.86     494.32    537.10
576.36    539.44     577.53    541.20
285.73    540.61     283.97    541.20
93.54    541.20     95.30    540.61
517.76    541.79     517.18    540.61
588.66    541.79     589.25    541.79
39.64    542.37     40.81    540.03
261.71    542.96     259.36    542.96
244.71    545.30     247.06    544.13
444.52    547.06     449.79    546.47
125.18    547.64     125.18    548.82
64.25    548.23     66.00    547.64
482.02    548.23     482.61    547.64
575.18    548.23     575.77    547.64
427.53    548.82     433.97    547.06
30.26    549.40     32.02    547.64
518.93    549.40     518.35    548.23
45.50    549.99     46.08    549.40
557.61    549.99     558.19    547.64
127.53    550.57     128.70    549.40
416.39    550.57     421.67    550.57
63.07    551.16     63.07    549.40
574.60    551.16     577.53    551.75
156.82    552.33     158.58    551.16
326.16    552.33     324.40    552.33
391.20    552.92     391.79    552.33
397.06    552.92     405.26    552.92
60.14    553.50     61.32    552.33
377.14    553.50     379.48    551.16
491.98    554.09     490.81    553.50
34.36    554.68     33.78    553.50
574.60    554.68     575.77    554.68
582.80    554.68     583.97    552.92
115.22    555.26     115.81    553.50
369.52    555.26     373.62    554.09
557.61    555.85     559.36    555.26
362.49    556.43     364.83    555.85
542.96    556.43     542.37    557.61
565.81    556.43     566.39    555.85
49.01    557.61     49.60    555.85
353.11    557.61     350.77    557.02
429.87    558.19     434.56    557.02
518.93    558.19     517.18    557.61
466.20    558.78     469.71    557.61
13.27    559.36     14.44    558.78
337.88    559.36     338.46    558.19
421.08    559.36     421.67    559.36
102.92    559.95     102.92    558.19
319.71    559.95     322.64    559.95
160.93    561.12     160.93    561.71
158.00    561.71     158.00    561.71
221.86    561.71     218.35    564.05
324.99    561.71     325.57    562.29
34.36    562.29     36.12    561.12
64.83    562.29     66.00    561.12
416.98    562.29     420.50    562.29
152.72    563.46     154.48    562.88
446.86    563.46     453.89    561.71
525.96    563.46     524.79    561.71
83.58    565.81     83.00    565.22
53.11    566.39     53.70    565.22
433.97    568.15     435.14    565.22
18.54    568.74     20.89    567.57
142.18    569.32     142.18    568.74
370.69    569.32     372.45    567.57
37.29    570.50     38.46    569.32
582.21    570.50     583.97    569.32
53.70    571.67     51.36    573.43
72.45    572.25     74.79    571.08
131.63    572.25     131.04    571.67
353.11    572.84     353.11    572.25
571.08    572.84     574.60    573.43
69.52    573.43     68.93    572.84
470.30    574.60     475.57    572.84
95.30    576.36     95.89    575.18
351.94    576.36     353.11    576.36
458.00    576.36     460.93    575.77
57.21    576.94     58.39    576.94
373.04    576.94     375.96    575.77
527.14    576.94     527.14    578.11
543.54    576.94     548.23    578.11
220.11    577.53     216.59    577.53
364.25    577.53     364.83    576.36
119.91    578.11     119.91    578.70
346.67    578.11     346.67    580.46
311.51    579.87     315.61    579.87
336.12    579.87     339.05    582.21
385.34    580.46     387.68    578.70
476.75    581.04     477.92    582.80
165.61    581.63     163.86    582.80
493.15    581.63     492.57    581.04
535.34    581.63     531.24    584.56
435.73    582.21     436.90    581.63
287.49    582.80     295.11    582.21
313.27    582.80     316.20    582.80
107.61    583.39     110.54    582.80
252.92    584.56     249.99    584.56
87.68    585.73     88.27    583.39
354.87    585.73     357.80    582.21
585.14    585.73     585.14    583.39
594.52    586.32     594.52    585.73
294.52    586.90     296.86    585.73
234.17    587.49     234.17    586.32
237.10    587.49     237.68    587.49
78.89    588.07     78.31    585.14
562.29    588.66     564.64    589.25
513.07    589.25     516.59    588.66
62.49    589.83     63.07    588.66
73.04    589.83     73.04    588.66
22.64    590.42     27.92    588.07
374.79    590.42     379.48    586.90
261.12    591.00     268.15    590.42
441.59    591.59     443.93    590.42
503.70    591.59     504.87    589.25
137.49    592.76     135.14    594.52
262.29    593.93     268.15    593.35
341.98    593.93     341.39    592.76
364.83    593.93     370.69    593.35
182.61    594.52     183.78    594.52
210.73    594.52     213.66    593.35
374.79    594.52     377.14    594.52
492.57    594.52     491.39    594.52
503.11    594.52     503.70    594.52
