; ENVI Image to Image GCP File
; base file: assets\2_1.tif
; warp file: assets\2_2.tif
; Base Image (x,y), Warp Image (x,y)
119.32    4.48     119.32    4.48
407.61    4.48     422.25    4.48
434.56    5.65     435.73    4.48
336.12    8.00     332.02    8.00
459.17    9.17     472.64    8.58
408.78    9.75     409.36    6.24
467.96    10.93     473.23    11.51
447.45    12.10     446.86    10.93
507.80    12.10     515.42    9.17
157.41    14.44     159.17    5.07
428.70    14.44     430.46    10.93
114.05    16.79     108.78    5.07
125.18    16.79     114.05    23.23
145.69    16.79     150.38    13.86
142.76    17.37     146.28    17.37
139.83    17.96     143.35    19.13
349.60    19.13     347.84    17.37
447.45    20.30     448.62    18.54
491.98    22.64     506.63    20.30
468.54    23.23     482.02    17.37
327.92    24.40     327.92    23.23
334.95    24.40     335.54    23.82
503.70    24.40     513.66    23.82
88.86    24.99     81.24    17.96
319.13    24.99     316.79    23.23
154.48    26.16     155.07    22.06
459.75    26.75     470.30    22.64
51.36    27.33     53.11    25.57
520.69    27.33     527.14    23.23
293.35    27.92     295.69    29.09
343.15    30.85     344.32    30.85
357.80    31.43     354.29    29.09
353.70    34.95     350.77    30.85
152.14    36.71     152.72    32.02
350.18    36.71     347.84    31.43
124.01    37.88     124.60    37.88
113.46    41.98     121.67    38.46
133.97    41.98     140.42    37.88
97.64    47.84     90.03    44.32
228.31    47.84     225.38    44.32
486.71    47.84     491.98    41.39
216.00    48.43     210.14    32.02
104.68    50.18     109.36    53.11
489.05    50.77     496.67    50.77
485.54    53.70     490.22    54.29
257.61    56.04     258.78    50.77
496.67    56.04     497.25    53.70
308.00    57.21     308.00    60.73
347.84    58.39     346.08    58.39
291.59    64.25     293.35    59.56
55.46    64.83     60.73    68.35
347.25    66.59     345.50    65.42
91.79    68.35     97.64    66.00
495.50    68.35     496.08    67.76
162.68    70.11     162.68    66.59
479.09    70.11     480.85    68.35
195.50    71.28     194.91    70.11
105.26    71.86     105.85    69.52
177.33    71.86     181.43    71.28
192.57    73.04     193.15    73.04
321.47    73.04     320.89    73.62
318.54    73.62     317.96    76.55
195.50    74.21     196.08    73.04
493.15    74.79     493.74    73.62
291.00    75.38     290.42    78.31
126.36    77.14     124.01    74.21
491.98    77.72     491.98    76.55
312.10    79.48     313.27    80.65
80.07    81.82     79.48    84.75
253.50    83.58     254.09    79.48
105.85    84.17     108.19    77.72
139.83    84.17     143.35    85.93
67.18    84.75     67.76    84.75
516.59    85.34     518.93    84.17
159.75    85.93     159.75    85.34
483.19    85.93     484.95    84.17
116.98    87.68     122.25    88.27
181.43    89.44     182.02    88.27
85.93    90.03     84.17    90.03
192.57    90.03     192.57    89.44
205.46    92.37     207.21    90.61
252.33    92.37     252.92    92.37
143.35    92.96     143.93    88.86
290.42    92.96     291.00    98.23
214.25    93.54     216.00    91.79
225.38    93.54     226.55    92.96
238.86    93.54     241.20    94.13
293.35    94.13     293.93    98.23
262.29    97.06     264.64    97.06
448.62    97.06     451.55    97.06
156.24    98.23     157.41    101.16
488.46    98.23     489.64    98.82
254.09    99.40     254.09    95.30
104.09    99.99     107.02    90.03
289.83    99.99     288.66    101.16
342.57    99.99     339.64    102.92
468.54    99.99     466.20    102.92
341.98    103.50     340.22    106.43
124.01    104.68     126.36    104.09
139.83    105.26     140.42    105.85
291.59    107.61     289.83    107.02
438.07    108.19     437.49    109.95
211.32    109.36     207.80    107.61
463.86    110.54     465.03    105.85
310.93    111.71     306.24    108.19
324.40    111.71     317.96    107.02
495.50    111.71     489.05    112.88
13.86    112.29     23.23    109.36
45.50    112.29     53.11    115.81
283.97    112.29     283.97    112.29
477.92    112.29     480.85    114.64
508.39    112.29     510.73    112.29
505.46    112.88     506.63    112.29
520.69    113.46     523.04    115.22
513.66    114.05     513.66    112.29
539.44    119.91     537.10    127.53
17.96    121.67     23.23    119.91
315.61    121.67     312.68    118.74
33.19    122.25     38.46    123.43
549.40    122.25     547.06    121.08
555.26    123.43     557.02    119.32
46.08    124.01     47.84    122.25
282.80    124.01     281.63    124.01
50.77    125.18     53.11    122.84
53.70    125.18     56.04    124.60
207.21    125.18     204.87    127.53
576.94    125.18     575.18    110.54
275.77    129.29     275.77    129.29
147.45    130.46     149.21    133.39
247.06    130.46     246.47    126.36
507.80    130.46     508.39    130.46
547.06    130.46     546.47    132.21
588.07    131.04     586.32    126.36
525.38    132.80     528.89    132.80
455.65    133.97     456.82    138.66
145.69    134.56     149.21    136.32
51.36    135.14     52.53    135.14
448.62    136.32     448.62    135.73
23.23    137.49     28.50    145.69
145.11    137.49     144.52    140.42
43.74    138.66     40.81    128.11
158.00    139.25     157.41    139.25
165.61    139.25     163.27    140.42
248.23    139.25     244.71    139.83
524.21    139.25     525.96    141.00
190.22    139.83     180.26    141.00
435.73    142.76     437.49    144.52
204.87    143.35     201.94    142.76
200.77    143.93     199.01    142.76
220.11    143.93     219.52    144.52
216.00    145.11     216.59    144.52
56.63    145.69     59.56    144.52
245.89    146.28     243.54    148.62
334.95    150.96     333.19    151.55
332.02    152.14     329.09    152.72
52.53    152.72     54.87    151.55
76.55    154.48     79.48    156.82
95.30    154.48     97.06    162.68
278.70    154.48     282.21    153.89
387.10    158.00     388.27    158.00
433.39    158.58     436.32    158.00
425.18    159.75     426.36    161.51
436.32    159.75     436.90    160.93
258.78    160.93     258.78    162.68
385.34    160.93     385.93    160.93
384.17    163.86     385.34    163.86
517.18    165.03     521.28    167.37
538.27    165.03     538.86    162.10
585.14    165.03     585.14    161.51
541.20    165.61     541.79    162.68
544.13    165.61     544.71    163.86
558.78    165.61     555.85    161.51
582.21    165.61     582.21    161.51
594.52    165.61     594.52    164.44
569.91    166.20     568.74    165.61
572.84    166.20     571.67    166.79
384.17    166.79     384.17    166.79
12.10    167.37     15.61    165.61
114.64    167.96     114.64    167.96
528.31    168.54     527.72    169.13
53.70    172.06     57.80    170.89
64.83    174.40     68.35    173.23
266.39    180.85     265.81    181.43
524.21    182.61     525.38    183.19
574.01    187.29     572.25    186.12
568.15    187.88     569.32    186.71
392.96    188.46     394.71    189.64
594.52    188.46     593.35    189.05
108.19    191.39     108.19    191.98
223.62    191.39     224.79    193.74
525.38    191.39     525.96    192.57
261.71    193.15     264.05    193.74
594.52    193.15     592.76    191.98
326.16    193.74     323.23    193.74
107.61    194.32     107.61    194.91
449.21    194.91     450.96    194.91
593.35    196.08     591.59    194.91
5.65    196.67     4.48    190.81
107.02    197.25     107.02    197.84
208.39    198.43     214.83    196.08
322.06    198.43     320.30    197.25
449.79    198.43     449.79    198.43
325.57    199.60     324.40    198.43
36.71    202.53     39.05    201.94
51.36    202.53     53.70    203.11
476.75    202.53     479.68    200.77
46.08    203.70     50.18    205.46
285.73    203.70     283.39    203.11
290.42    203.70     286.32    203.11
424.01    204.87     425.18    205.46
511.90    204.87     511.32    205.46
496.08    205.46     497.25    206.04
50.77    206.04     53.11    206.04
56.63    206.04     56.04    206.04
261.71    206.04     259.95    206.04
388.86    208.97     390.03    209.56
481.43    210.73     481.43    210.14
525.38    211.32     526.55    214.83
84.17    212.49     85.34    212.49
491.98    213.07     490.81    213.66
90.61    214.25     92.96    215.42
525.38    214.25     526.55    217.76
571.08    216.00     571.08    215.42
102.33    216.59     101.75    215.42
115.22    217.76     111.12    218.35
124.60    221.86     128.70    222.45
130.46    222.45     131.63    223.04
135.14    223.62     137.49    224.21
505.46    223.62     506.63    223.62
45.50    224.21     47.84    223.04
160.93    225.96     163.27    229.48
249.99    227.14     249.99    228.89
428.70    228.31     429.29    229.48
295.11    228.89     293.35    232.41
482.02    228.89     482.02    228.89
384.17    229.48     385.34    228.31
254.09    230.07     257.61    227.72
88.27    230.65     88.27    230.07
98.23    233.00     95.30    233.00
290.42    233.58     288.66    238.27
228.31    235.34     230.65    234.17
43.74    237.68     46.08    235.34
228.31    238.27     230.07    237.68
186.71    238.86     187.88    244.71
366.00    238.86     367.76    237.68
380.65    238.86     384.17    238.27
43.74    240.61     46.08    241.20
206.04    240.61     205.46    239.44
518.93    240.61     519.52    240.61
444.52    241.20     448.04    241.79
398.23    241.79     401.75    239.44
449.79    241.79     450.96    241.20
453.31    241.79     454.48    241.20
470.89    241.79     470.89    241.20
485.54    241.79     484.36    240.61
496.08    242.37     494.91    242.37
225.96    242.96     225.96    244.71
426.94    242.96     428.11    243.54
506.63    242.96     506.63    240.03
207.80    243.54     217.76    245.30
228.89    243.54     228.89    244.71
229.48    246.47     228.89    247.64
235.93    248.23     234.75    246.47
216.00    248.82     214.83    249.40
221.86    248.82     221.86    247.64
255.85    252.33     256.43    250.57
378.31    253.50     378.31    257.61
410.54    253.50     410.54    255.26
426.36    253.50     428.11    251.75
94.71    255.26     92.37    252.92
111.71    255.85     115.81    256.43
212.49    261.12     213.07    260.54
220.11    262.29     219.52    262.29
500.18    262.29     497.84    261.71
27.33    264.05     24.99    262.88
257.02    264.05     254.09    265.22
30.26    265.22     27.92    264.05
33.19    265.22     33.78    264.64
225.38    265.22     225.38    264.64
260.54    267.57     261.71    268.74
73.62    271.08     75.38    272.25
430.46    271.67     431.04    272.25
153.31    274.60     153.31    274.01
518.35    275.18     517.18    278.11
120.50    276.36     119.32    276.36
390.03    276.36     390.61    276.36
157.41    277.53     158.58    279.87
160.34    277.53     160.93    276.94
502.53    278.11     500.77    277.53
170.89    279.87     172.06    278.70
134.56    280.46     131.63    283.39
430.46    281.04     429.29    281.63
487.88    281.04     488.46    281.63
146.28    282.80     146.86    282.80
222.45    282.80     221.86    284.56
221.86    285.73     221.86    287.49
357.21    285.73     356.04    285.73
446.28    285.73     445.69    286.32
393.54    287.49     395.89    286.90
520.11    287.49     519.52    287.49
504.29    288.07     501.94    289.25
221.86    288.66     221.86    290.42
438.66    288.66     436.90    287.49
458.58    291.59     460.34    292.18
560.54    291.59     558.78    292.76
422.25    298.62     424.60    299.21
154.48    299.79     155.07    298.04
219.52    302.14     219.52    304.48
351.94    302.14     351.36    301.55
517.18    303.31     516.59    302.72
387.10    303.89     383.58    304.48
448.62    304.48     451.55    299.21
351.36    305.07     351.36    304.48
218.35    306.24     218.93    307.41
152.72    307.41     154.48    306.24
351.94    308.00     351.36    309.75
479.68    308.00     482.02    307.41
491.98    308.00     490.22    304.48
218.35    309.17     218.35    310.34
79.48    310.34     80.65    312.68
515.42    310.93     510.73    312.68
568.15    310.93     559.95    314.44
218.35    312.10     218.35    313.27
368.35    312.10     367.18    310.93
579.29    313.86     578.70    319.71
176.16    314.44     176.16    314.44
509.56    314.44     508.39    315.61
575.77    316.79     574.60    323.23
509.56    317.37     508.39    318.54
428.11    319.71     424.01    317.96
153.89    320.30     155.65    319.13
148.62    320.89     149.79    320.30
485.54    320.89     483.78    320.30
470.30    322.64     465.03    322.64
216.00    326.16     215.42    326.16
75.38    327.33     74.79    329.68
135.14    327.92     134.56    327.33
142.18    328.50     139.83    327.92
182.02    328.50     184.36    328.50
227.14    329.68     226.55    329.09
156.82    333.19     159.75    332.61
511.90    333.19     512.49    331.43
355.46    335.54     353.70    336.12
167.96    337.88     163.86    332.61
366.59    338.46     363.66    337.88
139.25    339.05     140.42    337.88
72.45    340.81     72.45    340.81
71.28    344.91     71.86    346.67
486.71    345.50     486.12    344.91
490.22    345.50     489.05    345.50
483.19    346.08     477.33    346.67
584.56    346.08     584.56    347.84
558.19    346.67     556.43    348.43
62.49    347.25     58.97    349.01
69.52    347.84     68.35    350.77
90.03    347.84     88.27    349.01
468.54    347.84     465.03    348.43
541.79    347.84     545.30    348.43
18.54    348.43     17.96    347.84
120.50    348.43     116.98    347.84
123.43    348.43     121.67    349.01
439.25    350.18     437.49    350.18
514.25    350.18     514.25    350.18
138.07    350.77     137.49    350.77
418.15    350.77     412.29    352.53
460.34    350.77     459.17    349.60
141.00    351.36     140.42    351.94
463.27    351.36     462.10    349.60
177.33    351.94     182.61    361.32
145.11    352.53     143.35    351.94
412.29    352.53     407.61    352.53
408.78    353.70     404.09    354.29
399.40    356.04     391.20    357.21
394.13    356.63     388.27    357.21
391.20    357.21     385.34    357.21
246.47    362.49     245.89    362.49
66.00    364.83     67.18    364.83
357.21    365.42     356.04    370.11
371.28    365.42     371.28    365.42
381.82    368.93     381.82    367.76
518.93    368.93     521.28    370.11
180.26    370.69     180.26    370.11
145.69    373.62     146.28    375.96
411.12    374.79     410.54    373.62
516.59    377.14     522.45    375.96
220.69    377.72     220.11    378.89
136.32    379.48     135.14    381.82
533.00    379.48     538.27    380.07
382.41    380.07     372.45    381.82
32.61    383.58     32.02    384.17
71.28    383.58     79.48    383.58
165.03    383.58     166.20    383.58
242.96    384.17     240.61    390.61
138.07    385.34     138.07    384.17
437.49    386.51     436.90    385.93
203.11    387.10     202.53    385.93
169.13    387.68     172.06    391.20
224.21    390.61     225.38    390.61
298.62    390.61     298.62    391.20
561.71    397.06     561.71    397.64
182.02    397.64     185.54    397.06
200.18    397.64     200.18    396.47
221.28    399.40     220.11    399.99
128.11    399.99     127.53    401.16
500.18    401.16     498.43    402.33
234.75    403.50     230.65    402.33
360.14    403.50     358.97    405.85
377.14    406.43     374.79    406.43
419.91    408.19     418.15    405.26
442.76    409.95     441.59    411.12
450.96    410.54     449.21    411.12
453.89    410.54     452.14    411.12
116.39    412.29     116.98    412.29
126.36    412.88     126.36    412.88
561.71    414.64     557.02    415.81
399.99    416.39     397.64    416.39
20.89    416.98     24.99    418.15
23.82    418.15     30.85    419.91
74.21    420.50     81.82    422.25
108.19    420.50     107.61    419.32
589.25    420.50     584.56    421.08
229.48    421.08     226.55    421.67
357.80    421.08     359.56    421.08
62.49    421.67     60.73    421.67
123.43    422.25     122.84    421.08
53.11    422.84     54.87    420.50
377.14    422.84     375.96    422.25
463.86    422.84     458.58    424.60
476.16    422.84     473.23    424.60
235.93    423.43     235.34    424.01
473.23    423.43     472.64    427.53
228.89    424.60     226.55    424.60
181.43    426.36     185.54    425.18
226.55    428.11     223.62    426.36
362.49    428.11     360.14    426.36
231.82    430.46     229.48    431.04
96.47    431.04     97.06    424.01
486.71    431.04     472.64    433.39
238.86    431.63     239.44    431.63
224.79    432.21     219.52    432.21
361.90    433.97     358.39    432.80
358.97    434.56     355.46    433.97
584.56    434.56     585.14    434.56
236.51    436.32     234.75    437.49
554.68    438.66     552.92    441.00
375.96    439.25     372.45    435.73
10.93    439.83     12.10    441.00
248.82    440.42     246.47    442.76
35.54    441.00     51.36    442.76
60.14    441.00     66.00    440.42
101.16    441.00     99.99    441.59
113.46    441.00     112.29    433.39
538.86    442.18     533.58    443.35
242.96    443.35     243.54    442.18
508.39    443.35     507.21    449.21
582.80    443.35     582.80    447.45
223.04    443.93     223.04    443.93
409.36    445.11     409.36    442.18
486.12    445.69     472.64    445.11
173.82    447.45     172.64    446.28
185.54    448.04     184.95    444.52
423.43    449.21     421.08    449.21
212.49    450.96     214.83    450.38
189.64    451.55     191.39    449.79
333.19    453.31     327.92    445.69
582.21    457.41     583.97    461.51
166.20    460.93     167.96    453.89
196.67    460.93     197.25    458.00
462.68    461.51     458.58    461.51
484.36    461.51     472.64    459.75
227.14    462.10     227.72    457.41
60.73    465.03     62.49    461.51
121.08    465.61     125.18    461.51
77.14    467.37     85.34    466.79
59.56    467.96     59.56    463.27
107.02    467.96     108.78    468.54
182.61    467.96     176.75    458.00
204.29    468.54     200.18    458.58
533.58    468.54     527.14    472.06
282.80    471.47     281.63    462.68
39.05    472.64     43.74    473.23
214.83    474.40     220.69    469.13
57.21    474.99     59.56    474.99
234.75    475.57     226.55    470.89
582.80    476.16     582.80    477.92
87.68    476.75     89.44    474.40
272.84    476.75     269.32    472.64
594.52    476.75     594.52    486.71
239.44    479.09     236.51    477.92
293.35    480.26     288.07    477.33
224.79    480.85     223.62    469.71
97.06    481.43     98.23    476.75
114.64    482.02     115.81    481.43
584.56    482.61     583.39    483.78
172.06    487.88     172.64    467.96
111.71    490.22     113.46    493.15
92.37    491.98     81.24    500.18
70.11    497.25     75.96    498.43
572.25    503.11     572.25    503.11
149.21    504.87     142.76    502.53
131.04    505.46     137.49    499.60
33.78    507.80     36.12    518.93
64.83    510.73     63.07    508.39
102.92    514.25     93.54    522.45
31.43    517.18     39.05    506.63
341.39    520.11     343.15    514.83
128.11    525.38     125.77    519.52
531.82    530.07     531.82    534.17
54.87    531.24     54.29    533.58
223.04    533.58     223.04    533.58
399.99    535.34     401.16    537.10
340.81    537.68     343.74    530.07
389.44    537.68     390.61    541.20
375.38    545.30     377.72    543.54
433.97    545.30     433.97    543.54
346.08    545.89     349.01    545.30
466.79    545.89     465.03    546.47
469.71    545.89     467.96    546.47
403.50    549.99     400.57    552.92
249.99    551.16     251.16    547.64
433.97    552.92     435.14    553.50
236.51    555.85     235.34    555.26
433.39    555.85     434.56    558.78
356.63    556.43     355.46    557.02
411.12    556.43     407.61    555.85
74.21    557.61     78.89    552.33
201.94    557.61     205.46    561.71
415.22    560.54     414.64    562.29
356.04    562.88     354.29    559.95
467.96    563.46     467.96    564.05
433.39    564.05     433.97    566.39
341.98    565.22     344.32    563.46
354.29    565.81     352.53    571.08
250.57    566.98     255.85    565.81
414.64    567.57     414.05    569.91
170.89    568.74     179.68    574.60
562.88    568.74     562.29    568.74
468.54    572.25     467.96    571.67
352.53    574.60     351.36    574.01
431.63    574.60     433.39    577.53
424.01    575.77     423.43    577.53
561.71    575.77     560.54    580.46
448.62    578.70     452.72    578.70
564.64    581.04     567.57    584.56
223.04    583.39     222.45    582.80
430.46    583.39     433.39    587.49
180.26    583.97     180.85    592.76
500.18    583.97     493.74    587.49
262.29    584.56     261.71    586.32
333.19    584.56     339.64    582.21
467.37    585.73     463.27    588.66
470.89    586.32     466.20    585.73
420.50    588.66     421.67    590.42
411.12    589.25     413.46    589.25
431.04    589.25     431.04    593.35
470.89    589.25     466.20    591.59
222.45    590.42     219.52    591.00
