; ENVI Image to Image GCP File
; base file: assets\3_1.tif
; warp file: assets\3_2.tif
; Base Image (x,y), Warp Image (x,y)
265.22    4.48     264.64    4.48
493.74    67.18     493.15    74.21
538.86    70.69     538.86    73.04
508.97    73.62     514.83    71.86
537.68    73.62     537.68    75.96
111.71    76.55     141.00    14.44
301.55    82.41     308.58    84.75
534.75    90.61     534.17    96.47
289.83    93.54     293.35    97.06
485.54    95.89     485.54    98.82
104.68    96.47     158.00    53.70
495.50    102.92     492.57    114.05
252.33    114.05     253.50    111.71
572.84    128.70     555.85    210.73
295.11    131.04     300.96    131.04
235.93    132.21     245.89    125.77
305.07    132.80     308.58    133.39
318.54    135.73     323.23    136.90
336.12    138.66     335.54    139.25
334.36    155.65     334.36    156.24
301.55    156.24     304.48    158.00
223.62    164.44     237.10    155.07
291.00    169.13     292.18    169.13
329.09    169.71     331.43    169.71
311.51    170.30     310.34    169.13
346.08    170.30     355.46    169.71
322.64    170.89     323.82    168.54
397.64    170.89     387.68    169.71
296.86    171.47     298.04    168.54
477.92    173.23     480.85    171.47
416.39    175.57     417.57    169.71
291.00    177.92     289.83    179.09
344.91    183.19     347.84    192.57
560.54    187.29     576.36    107.02
340.22    189.05     339.05    194.32
432.80    191.39     432.80    191.98
402.92    204.29     401.75    207.21
556.43    207.21     544.71    262.88
373.62    208.39     373.04    208.97
390.61    208.39     385.93    206.63
397.64    208.97     397.64    206.63
409.95    210.73     408.78    217.18
494.91    210.73     495.50    210.14
450.96    216.59     453.89    213.66
398.23    217.76     397.06    216.59
428.11    218.35     430.46    216.00
533.58    218.93     517.76    238.27
414.05    223.62     416.39    226.55
397.64    224.79     392.37    224.79
444.52    225.96     444.52    222.45
468.54    232.41     467.37    232.41
443.35    265.81     443.35    267.57
487.29    278.11     499.01    281.63
436.90    293.35     431.63    292.76
446.86    295.11     436.90    298.04
390.61    302.72     391.20    301.55
320.30    303.89     320.89    292.76
349.01    308.58     351.36    303.31
334.36    314.44     330.85    305.65
444.52    317.96     441.59    323.82
348.43    331.43     349.60    328.50
349.60    336.12     351.36    331.43
500.77    337.29     499.01    338.46
350.77    339.05     352.53    337.29
375.38    343.74     374.21    341.98
528.31    346.08     520.11    391.20
402.33    349.60     408.78    349.60
315.61    350.18     313.27    338.46
222.45    353.11     183.19    265.81
225.38    353.11     190.22    274.01
350.77    360.73     349.01    358.97
233.58    368.93     233.58    365.42
431.63    375.96     430.46    390.03
240.03    378.89     225.38    399.40
311.51    381.24     310.93    378.31
319.13    389.44     326.16    397.64
427.53    390.03     424.01    408.19
307.41    397.06     306.82    407.02
388.86    401.75     401.75    408.19
333.78    410.54     346.67    409.36
317.96    412.88     327.92    409.95
458.00    414.05     452.14    397.06
423.43    422.25     419.91    425.77
276.94    423.43     269.32    417.57
303.31    429.87     302.72    431.04
276.94    431.63     268.74    427.53
264.64    432.21     261.12    430.46
479.09    433.97     478.50    432.80
507.80    436.90     504.29    435.73
510.73    436.90     507.21    436.90
266.39    438.66     261.71    438.07
266.39    441.59     264.64    441.59
240.03    443.35     238.27    431.04
275.77    443.35     269.32    442.18
545.30    445.11     545.89    444.52
507.80    449.21     507.21    445.11
476.16    453.89     476.16    449.21
506.63    453.89     504.87    450.96
506.63    456.82     504.87    453.89
524.21    467.37     525.96    469.13
503.70    471.47     503.11    473.23
522.45    501.94     524.21    503.11
407.61    508.39     407.02    506.63
524.21    510.73     524.79    508.97
515.42    519.52     509.56    518.93
523.62    520.11     525.96    521.86
524.21    528.89     526.55    529.48
270.50    549.40     257.02    528.89
395.89    565.22     397.64    565.22
409.36    575.18     415.81    577.53
469.13    578.70     458.58    583.97
478.50    580.46     463.86    585.73
391.20    582.21     389.44    586.32
513.66    588.66     517.18    590.42
405.26    591.59     403.50    591.59
372.45    594.52     365.42    594.52
426.36    594.52     428.11    594.52
475.57    594.52     462.10    593.35
