; ENVI Image to Image GCP File
; base file: assets\4_1.tif
; warp file: assets\4_2.tif
; Base Image (x,y), Warp Image (x,y)
350.77    4.48     354.87    4.48
310.34    6.82     310.93    5.07
307.41    8.00     304.48    11.51
160.34    9.17     160.93    4.48
163.27    9.17     163.86    6.24
257.61    9.17     264.64    10.34
228.89    10.93     227.14    10.93
295.69    16.20     295.11    16.79
202.53    17.96     200.77    17.37
323.82    17.96     325.57    17.96
326.75    17.96     328.50    19.13
367.76    17.96     371.86    16.79
332.61    18.54     333.19    19.71
256.43    19.13     258.19    23.23
327.33    21.47     327.92    22.06
183.19    23.23     182.61    22.64
262.29    24.40     261.71    24.99
246.47    27.33     245.89    27.33
276.36    30.26     275.77    30.85
298.62    39.05     299.21    40.22
261.12    40.81     261.71    40.81
181.43    41.98     177.92    37.88
288.66    46.67     288.66    48.43
251.16    47.25     253.50    46.67
210.73    48.43     207.80    44.91
245.30    50.77     242.96    54.29
530.65    51.94     515.42    47.25
219.52    54.87     216.00    53.11
163.86    57.21     161.51    54.29
200.77    58.97     193.15    53.11
488.46    60.14     491.98    54.29
228.89    64.25     228.89    64.25
460.34    67.76     460.34    66.59
208.97    68.35     204.29    60.14
473.82    71.86     470.30    70.69
588.07    71.86     594.52    68.35
482.61    74.79     481.43    73.04
485.54    75.38     484.36    74.79
187.88    75.96     190.22    72.45
518.35    75.96     520.69    75.96
118.15    77.72     116.39    74.79
549.40    84.17     552.92    84.17
516.00    84.75     517.76    85.34
556.43    85.34     558.19    84.75
559.36    87.68     562.29    88.86
556.43    88.27     558.78    87.68
507.80    91.20     506.63    91.20
478.50    92.37     474.99    90.03
513.66    96.47     513.07    97.06
591.59    97.64     594.52    99.99
456.24    99.40     453.89    100.57
567.57    99.40     571.67    100.57
500.18    101.75     497.84    98.82
555.26    102.33     559.95    104.09
552.33    104.09     552.33    102.33
594.52    104.68     594.52    105.85
472.64    105.85     469.71    106.43
439.25    107.02     438.66    107.61
477.33    109.95     477.33    111.12
506.63    112.29     506.04    112.29
194.91    118.15     198.43    116.98
494.91    119.91     494.32    118.15
185.54    120.50     190.81    120.50
561.12    120.50     561.71    115.22
182.61    121.08     177.33    119.32
381.24    122.25     380.65    119.32
551.16    125.18     552.92    126.36
204.87    125.77     210.14    123.43
484.95    126.94     485.54    123.43
505.46    126.94     503.70    125.18
588.66    127.53     590.42    128.11
510.14    129.29     510.14    125.77
210.14    130.46     217.18    132.80
570.50    131.63     569.91    132.21
199.01    133.39     198.43    129.29
586.32    136.32     583.39    136.90
203.11    136.90     203.70    135.73
221.86    139.83     226.55    138.66
377.14    141.59     376.55    139.83
562.88    142.18     564.05    141.00
193.15    142.76     191.98    137.49
158.58    143.93     163.27    143.35
375.96    145.11     374.79    145.69
229.48    146.86     231.82    145.11
576.36    146.86     575.77    146.28
214.83    148.04     214.83    144.52
372.45    149.79     374.21    149.21
491.39    150.96     491.98    151.55
206.04    155.65     207.80    149.21
226.55    157.41     230.65    155.07
571.67    158.00     569.91    157.41
238.27    158.58     241.20    159.75
144.52    162.68     145.69    159.75
247.64    164.44     252.92    165.61
357.80    165.61     355.46    163.27
225.96    167.37     224.79    164.44
191.98    168.54     188.46    166.20
306.24    169.13     308.00    169.71
309.17    169.71     310.93    169.71
563.46    170.89     564.64    168.54
133.39    172.64     134.56    171.47
589.83    172.64     590.42    173.82
218.93    173.23     221.28    170.30
416.98    176.75     417.57    174.99
156.82    177.92     155.07    172.64
414.05    177.92     414.64    177.33
121.67    178.50     128.70    173.23
70.11    179.68     73.04    174.99
416.98    179.68     417.57    177.92
561.12    179.68     559.36    180.26
143.35    180.85     139.25    181.43
315.61    182.61     319.13    184.36
318.54    182.61     322.06    183.19
581.63    182.61     581.04    183.19
172.64    183.19     182.02    184.36
205.46    184.36     209.56    181.43
257.02    184.36     262.29    183.19
591.00    187.29     591.59    186.12
118.15    190.22     124.01    189.05
159.17    193.74     158.00    186.71
101.75    194.32     104.09    190.22
184.95    194.91     191.98    195.50
394.13    195.50     395.30    193.74
553.50    195.50     554.09    191.39
215.42    196.08     214.83    193.15
550.57    196.08     551.16    192.57
332.02    196.67     334.95    198.43
547.64    196.67     548.23    191.98
542.96    197.25     544.13    191.39
422.84    199.01     424.60    196.08
296.28    203.11     295.11    204.87
110.54    203.70     116.98    199.60
288.07    203.70     292.18    204.87
285.14    204.29     286.32    202.53
363.07    209.56     364.83    210.73
115.22    210.14     115.22    206.04
590.42    210.73     589.83    210.14
162.10    211.32     158.00    210.14
230.65    213.07     230.65    211.90
201.94    214.25     200.77    211.90
303.31    214.25     305.65    217.18
589.25    214.25     588.07    214.83
133.39    214.83     131.63    213.66
71.86    215.42     75.96    213.66
311.51    217.18     308.58    217.76
64.83    218.93     70.11    217.18
461.51    219.52     458.00    214.25
482.61    220.69     482.02    216.59
366.59    221.28     364.83    223.04
137.49    224.79     142.18    223.04
93.54    225.38     94.13    223.04
225.96    227.72     226.55    228.89
473.82    230.07     472.06    225.96
276.36    232.41     275.18    233.00
320.30    233.58     320.89    234.17
80.07    235.93     80.65    236.51
512.49    237.10     515.42    236.51
340.81    237.68     340.22    237.10
243.54    238.27     247.64    237.68
141.00    239.44     139.25    234.75
92.37    243.54     95.30    243.54
242.37    244.13     240.61    245.30
571.67    247.64     572.25    248.23
264.05    248.82     265.22    248.82
75.38    249.99     82.41    249.40
218.35    249.99     221.28    247.64
268.74    249.99     271.08    252.33
199.60    250.57     204.29    249.40
256.43    254.68     254.68    253.50
439.25    255.26     439.25    257.02
243.54    255.85     245.30    255.85
144.52    257.02     147.45    257.61
258.78    257.61     256.43    256.43
566.98    257.61     566.98    257.02
73.62    258.19     75.96    259.95
290.42    259.95     289.83    257.02
83.00    261.12     85.93    260.54
282.80    262.88     283.39    263.46
197.25    265.22     200.18    262.88
288.07    266.98     289.25    267.57
174.40    268.74     176.75    266.98
273.43    269.91     273.43    270.50
90.03    271.67     87.10    269.32
261.12    272.25     261.71    271.08
181.43    273.43     184.95    273.43
451.55    275.18     448.62    275.77
558.19    275.18     559.95    271.08
278.11    276.36     276.94    276.36
286.90    276.36     287.49    278.11
214.25    276.94     214.25    277.53
117.57    282.21     121.67    282.21
269.91    282.21     270.50    282.21
150.96    283.97     154.48    283.97
481.43    283.97     479.68    283.39
334.36    285.14     335.54    285.14
127.53    287.49     131.63    289.25
104.68    289.25     107.61    289.83
176.75    289.83     178.50    288.07
141.59    291.00     144.52    294.52
111.71    291.59     115.22    292.18
166.79    291.59     163.27    291.00
251.75    295.11     251.75    294.52
128.11    296.28     132.80    298.04
174.40    296.86     174.99    296.86
395.30    296.86     391.79    295.69
105.26    297.45     108.19    298.62
118.15    298.04     122.25    299.21
183.19    298.62     183.19    297.45
266.98    302.72     267.57    302.14
373.62    303.31     368.93    303.89
453.31    303.31     450.96    305.07
265.81    305.65     266.39    305.07
121.67    306.24     125.18    309.17
112.29    306.82     115.22    309.75
97.06    308.58     100.57    307.41
362.49    310.34     360.73    311.51
359.56    312.10     357.80    310.34
548.23    312.10     547.64    313.27
214.25    313.27     216.00    312.68
551.75    314.44     552.33    312.10
72.45    315.61     75.38    315.03
141.00    315.61     144.52    312.68
218.93    315.61     218.93    313.27
221.86    316.79     224.21    318.54
111.12    317.37     112.88    318.54
297.45    318.54     295.11    319.13
554.09    318.54     554.68    316.20
102.33    319.13     100.57    319.13
368.93    319.13     366.59    317.96
90.61    320.89     92.96    320.89
234.17    320.89     237.10    320.89
240.03    321.47     241.79    321.47
220.11    322.06     221.86    323.23
265.22    322.06     262.88    322.06
279.87    323.23     282.21    323.82
327.92    324.99     329.09    327.33
114.64    325.57     114.64    324.99
357.21    325.57     355.46    326.75
201.36    326.16     200.18    327.92
424.01    327.92     422.84    327.92
524.79    327.92     523.04    332.02
100.57    328.50     100.57    328.50
168.54    329.09     167.37    329.09
453.89    329.09     455.07    330.85
64.83    329.68     70.69    329.09
464.44    329.68     464.44    331.43
213.66    330.26     214.83    330.85
327.33    330.26     327.33    330.26
303.89    330.85     304.48    333.19
255.85    332.02     252.92    330.85
107.02    335.54     110.54    334.95
520.11    336.12     519.52    334.95
316.20    336.71     314.44    336.12
327.33    337.88     327.33    334.95
495.50    337.88     496.08    339.64
255.85    338.46     253.50    339.64
551.16    338.46     551.75    337.29
247.64    339.05     248.23    339.05
463.86    339.05     463.27    340.22
455.07    339.64     453.31    339.05
473.82    340.22     473.82    340.22
281.63    341.39     281.63    341.39
133.97    341.98     135.73    340.22
124.01    342.57     127.53    341.98
511.32    344.32     510.73    343.74
550.57    344.32     551.75    343.15
118.15    345.50     119.91    341.98
539.44    345.50     541.20    346.08
503.11    346.08     502.53    346.08
222.45    348.43     223.62    347.25
302.72    348.43     302.72    350.77
472.06    348.43     474.40    349.01
131.04    349.01     135.14    349.60
216.59    349.01     217.76    347.84
234.75    349.60     237.10    349.60
486.71    349.60     483.19    351.36
123.43    350.18     123.43    352.53
315.61    350.18     314.44    350.18
279.87    352.53     281.63    353.11
206.04    353.11     206.04    351.94
256.43    353.70     257.02    353.11
259.36    353.70     259.95    353.11
504.29    354.29     504.29    356.04
453.31    354.87     450.96    351.94
517.18    355.46     518.35    357.21
180.26    356.04     180.85    354.87
67.18    357.80     70.11    360.73
143.35    357.80     143.93    358.39
220.69    357.80     224.21    360.14
140.42    358.39     141.00    358.97
511.32    361.32     508.97    363.66
475.57    361.90     472.64    359.56
316.79    362.49     317.37    361.32
523.04    364.25     522.45    364.25
221.28    366.00     223.04    364.83
493.15    367.18     492.57    366.59
121.67    368.35     121.08    366.59
433.97    368.35     433.39    366.00
502.53    368.93     501.94    370.69
328.50    369.52     326.75    368.93
513.66    370.11     510.73    373.04
167.37    371.28     163.86    370.11
223.04    374.79     220.69    376.55
491.98    375.96     491.39    375.96
85.93    376.55     86.51    375.96
69.52    377.72     70.69    378.31
547.06    377.72     547.64    379.48
77.14    378.89     77.14    379.48
491.39    378.89     491.39    378.89
177.92    379.48     178.50    379.48
503.70    380.07     501.94    381.24
509.56    380.07     510.73    381.24
525.38    381.24     523.62    382.41
546.47    383.58     548.23    382.41
68.93    386.51     69.52    388.27
313.86    388.27     314.44    388.27
176.75    390.61     177.33    390.61
145.69    391.20     143.93    390.61
166.79    391.20     166.20    390.61
91.79    391.79     91.20    392.96
546.47    392.37     546.47    394.71
73.62    392.96     75.38    392.96
67.76    393.54     69.52    392.96
70.69    393.54     72.45    393.54
462.10    393.54     461.51    392.37
479.68    393.54     480.26    392.96
423.43    395.30     424.01    395.30
330.85    395.89     328.50    396.47
167.37    397.06     165.61    398.82
545.89    398.23     545.89    398.23
485.54    399.40     487.88    399.99
488.46    401.16     490.81    399.99
314.44    401.75     313.86    401.75
223.62    403.50     224.21    406.43
425.18    403.50     424.60    405.85
488.46    404.09     489.64    402.92
524.21    404.68     523.62    405.26
538.86    405.85     537.10    407.61
544.71    405.85     545.30    405.85
264.05    407.02     265.81    408.19
406.43    407.02     401.75    405.26
160.34    407.61     163.27    407.02
182.02    408.19     182.02    407.02
184.95    408.19     184.95    407.02
199.01    408.19     200.77    407.02
489.05    408.78     489.05    407.02
544.71    408.78     544.71    411.71
155.65    409.95     155.65    409.95
450.38    409.95     449.79    407.02
112.88    412.29     114.64    411.12
524.21    414.64     523.04    416.39
71.28    418.74     72.45    418.15
91.79    418.74     90.03    417.57
441.59    419.32     438.07    419.91
448.62    421.67     446.86    421.08
299.21    424.01     299.79    423.43
152.14    427.53     154.48    425.77
488.46    428.11     488.46    428.11
487.88    431.04     488.46    431.04
131.04    432.21     132.21    432.21
125.18    432.80     126.36    432.21
541.20    433.39     542.96    435.14
449.79    433.97     449.79    432.80
486.71    435.14     487.29    433.97
540.61    436.32     542.37    438.07
107.61    436.90     109.95    435.14
520.11    437.49     519.52    438.07
540.61    439.25     542.37    441.00
278.70    440.42     277.53    442.18
445.11    442.76     445.69    442.76
461.51    442.76     462.68    442.18
70.69    444.52     70.11    445.11
74.79    444.52     73.04    445.11
203.11    449.21     205.46    449.79
445.11    449.21     446.28    448.62
461.51    449.21     462.68    449.21
64.83    449.79     69.52    449.79
299.79    450.38     299.21    450.96
477.33    450.38     479.68    449.21
240.61    453.31     244.71    456.24
299.21    453.31     298.62    453.89
520.69    453.89     518.35    457.41
461.51    455.07     461.51    456.24
444.52    455.65     445.69    456.24
469.71    456.24     470.30    456.82
452.72    457.41     456.24    456.24
289.25    462.10     288.07    464.44
445.11    464.44     445.11    462.68
460.93    465.03     462.68    463.27
467.96    465.61     467.96    465.61
67.76    469.13     70.11    470.30
521.28    472.06     518.35    473.23
538.27    472.64     538.86    477.33
445.11    473.23     445.69    474.99
67.76    474.40     70.11    474.40
113.46    474.40     113.46    473.23
460.93    474.40     462.68    473.23
404.09    476.75     399.40    476.75
287.49    477.92     286.90    477.92
257.61    478.50     257.61    479.09
479.68    478.50     476.16    480.85
494.91    478.50     487.88    482.61
537.68    478.50     538.86    481.43
67.18    479.09     70.11    477.33
272.84    479.09     274.60    479.68
537.68    481.43     538.27    484.36
438.66    482.61     437.49    481.43
459.75    483.19     458.58    484.36
445.11    483.78     446.86    483.19
293.93    484.95     292.18    486.12
291.00    485.54     289.25    486.12
537.68    485.54     537.68    487.29
534.75    486.12     536.51    490.22
301.55    487.88     300.38    487.88
281.63    489.64     281.63    489.05
496.08    490.81     493.74    493.74
266.98    493.15     268.74    492.57
280.46    493.74     279.87    494.32
265.81    496.08     267.57    495.50
193.74    497.25     195.50    498.43
299.21    501.94     299.21    500.77
505.46    501.94     501.94    502.53
299.79    504.87     299.21    503.70
213.66    505.46     216.59    504.87
283.97    506.04     283.39    505.46
258.19    506.63     259.95    506.63
344.32    508.97     341.98    508.97
257.02    509.56     258.78    509.56
316.20    510.14     310.93    510.73
203.11    511.32     204.87    512.49
280.46    511.90     279.87    510.73
535.34    516.59     534.75    518.93
227.72    517.18     232.41    517.18
352.53    517.18     348.43    516.59
252.33    519.52     254.09    521.28
280.46    520.11     279.87    519.52
535.34    520.11     534.75    523.04
293.35    520.69     292.18    521.28
190.22    521.28     192.57    519.52
66.59    523.62     69.52    521.86
189.64    524.79     190.81    523.62
251.16    527.14     253.50    527.14
190.22    528.89     189.05    529.48
288.66    528.89     288.66    528.89
251.16    530.07     252.33    530.07
251.16    533.00     252.33    534.17
395.89    534.17     391.20    533.58
179.68    538.86     177.33    541.20
533.58    538.86     532.41    542.37
264.05    545.30     264.05    545.89
293.35    545.30     293.93    544.71
368.93    545.30     367.76    546.47
170.30    547.64     172.06    547.64
248.82    548.23     249.99    548.23
379.48    549.40     376.55    550.57
185.54    551.75     184.36    553.50
528.89    554.09     528.89    557.02
248.23    556.43     247.64    558.78
299.79    556.43     299.79    557.02
531.24    557.02     529.48    559.95
165.61    557.61     164.44    560.54
509.56    557.61     511.32    557.61
295.11    559.36     295.69    560.54
371.86    559.36     370.11    558.78
397.64    560.54     394.71    558.78
292.18    561.12     292.76    562.29
298.04    561.71     299.21    560.54
462.68    561.71     462.68    561.12
452.72    562.29     451.55    562.29
459.75    562.29     459.75    560.54
465.61    562.29     465.61    561.12
435.73    562.88     436.90    562.29
449.79    562.88     448.62    562.29
300.96    563.46     299.79    563.46
161.51    564.05     159.17    564.64
66.59    565.22     68.35    561.12
5.07    566.39     7.41    565.22
61.32    566.98     63.07    565.81
131.63    566.98     129.87    566.39
160.93    566.98     158.58    567.57
405.26    569.32     405.85    568.15
395.30    571.67     395.30    571.67
390.03    576.94     390.03    575.77
384.75    578.11     383.58    578.11
94.13    579.87     95.89    580.46
68.35    581.63     66.59    579.29
71.28    582.21     72.45    579.87
383.58    582.80     381.82    581.04
149.21    584.56     149.79    585.73
243.54    585.14     242.96    585.73
71.86    585.73     69.52    582.21
149.79    587.49     148.62    588.66
146.86    588.07     145.69    588.07
289.83    589.83     291.00    592.18
308.58    592.76     308.00    592.18
234.75    593.93     237.10    594.52
208.39    594.52     216.59    594.52
311.51    594.52     313.27    594.52
